[[array([[-3.13860167e-02, -2.14292099e-02, -2.17556829e-01,
        -5.00538490e-01, -6.98250779e-01,  3.16575618e-01,
        -8.37891410e-01, -1.09004096e+00, -6.01827997e-01,
        -3.41998963e-01,  3.60381670e-01, -1.91962615e-01,
         4.69725082e-01,  5.02372956e-02,  4.91535265e-01,
        -7.25234716e-01,  1.72135839e-01,  4.33159734e-01,
         5.44690215e-01, -6.58363188e-02],
       [-1.43995755e-01,  1.30819343e-01,  5.99876595e-02,
        -2.37888158e-01, -1.92017770e-01, -1.58840834e-01,
        -1.10038880e+00,  3.47550050e-01, -1.12072347e-01,
         2.88551553e-01,  5.69401634e-01,  3.68393634e-01,
         4.62455601e-01, -2.12513081e-01,  1.09306835e+00,
        -5.83141527e-01,  3.53125732e-01, -2.18469262e-01,
         9.27339728e-02, -2.22678526e-01],
       [ 9.43692745e-01, -1.29738155e+00,  7.29853543e-01,
         1.16519262e+00,  1.97012109e-01, -3.53885858e-01,
        -8.33748542e-01, -8.04185902e-01,  5.45162653e-01,
         9.13168393e-01, -4.03540640e-01, -5.07461435e-01,
         3.34623055e-01,  4.62938959e-01, -1.04253138e-01,
        -1.02913534e+00, -1.41458335e+00, -5.30336897e-03,
        -4.32383006e-01,  3.10543825e-01],
       [ 1.16657604e-02,  6.31287080e-01, -5.72114663e-01,
         4.88347733e-01, -1.66999076e-01,  4.49100822e-01,
         7.10482115e-01, -1.96918557e-01, -1.34755976e+00,
         7.01233939e-01,  8.53868149e-01,  3.12288111e-01,
        -3.06488232e-01,  8.48352999e-01, -5.31269784e-01,
         4.97661022e-02,  4.28605250e-01, -1.03715294e+00,
         1.01657184e+00, -9.82312948e-01],
       [-1.91238070e-02, -2.20029503e-01, -5.28597076e-01,
        -1.93322825e-01,  3.81184174e-01,  3.36322677e-01,
         6.71062560e-01, -8.07821557e-02,  6.37774506e-01,
         4.58646596e-01, -4.51965873e-01, -5.47803821e-01,
        -5.23131526e-02, -2.79062825e-01,  7.45473420e-01,
         8.23222597e-01, -6.78448170e-01,  5.06732179e-01,
        -4.10341165e-01,  7.47461753e-01],
       [ 7.29828374e-01,  3.52921293e-01, -3.83490635e-01,
        -7.02197464e-01,  3.00671280e-01, -7.34680297e-01,
        -3.52659531e-01,  3.30789096e-01, -1.20403548e+00,
         4.21398725e-01,  8.50838676e-01, -8.96572395e-01,
         5.91787310e-01,  9.98069801e-01, -1.00300542e+00,
         1.23501275e-01,  2.09656740e-01,  1.99131221e-01,
        -1.35957112e+00,  1.30080746e-01],
       [ 8.75208024e-01,  3.32718746e-01,  3.73673323e-01,
         1.09676245e+00, -9.12178056e-03,  8.06926844e-01,
        -4.59469411e-01, -6.54220907e-01,  1.04556415e-01,
         9.38887253e-02, -5.36722731e-01, -1.28006392e+00,
         7.18922497e-01, -2.94292584e-01, -3.16540047e-01,
         4.45023660e-02, -4.84988728e-01,  4.11110171e-01,
         2.01436025e-02,  1.25489086e-01],
       [-4.31290718e-03,  5.53994448e-03,  1.36428822e-02,
        -1.49621479e-02, -2.41902586e-02,  8.54300006e-03,
        -1.28168860e-02, -4.93038846e-03, -9.13400174e-03,
        -1.30255532e-02, -2.62952208e-02, -6.65530184e-03,
        -1.85283241e-03, -5.55558899e-03, -1.16651513e-02,
        -9.92294588e-03, -7.39289486e-03, -3.54280458e-03,
        -1.30274260e-02,  6.07382535e-03],
       [ 3.53168388e-01,  1.37666611e-01,  6.83387805e-01,
        -6.35190817e-01,  2.17014498e-01, -7.88855937e-01,
         1.28450175e+00, -7.26050087e-03,  1.06455851e+00,
        -3.37482476e-01,  5.96977086e-01,  4.66592011e-01,
         4.86927405e-02, -8.91316415e-03, -4.33558547e-01,
        -2.96267739e-01, -1.74116768e-01, -5.20785693e-01,
        -1.44042760e+00, -1.24073407e+00],
       [-9.93208418e-02, -1.23810228e-01, -1.06118112e-01,
         2.09353876e-01,  5.79566207e-01, -1.17267542e+00,
        -4.27948176e-01, -2.56200248e-01,  1.67590527e-01,
        -1.04067718e+00,  1.14380772e+00,  2.75498952e-01,
        -3.94377929e-01,  2.19710195e-01, -9.66690498e-01,
         7.48089291e-02,  1.34291146e+00, -7.24195494e-01,
        -6.45100233e-01,  1.10805872e+00],
       [-3.78686703e-01,  9.04101865e-01, -1.51914352e-01,
        -1.44448744e-01, -4.82871285e-02, -6.18069890e-01,
        -6.74381351e-01,  8.00549605e-02, -1.72358769e-01,
         4.78347465e-01,  8.45111951e-01, -1.22193263e+00,
        -1.21039508e+00,  2.56082251e-01, -4.93266205e-01,
         3.12544154e-01, -2.19930703e-01,  1.03677698e+00,
        -6.92829480e-01,  7.96921401e-01],
       [ 1.25616685e+00,  1.53848847e-01, -6.44401699e-02,
        -5.70863285e-02, -1.15445466e+00, -2.43503524e-01,
        -6.58161755e-01, -6.70941759e-01, -2.34147780e-01,
        -2.27412621e-01, -1.37136835e-01, -3.47195827e-01,
        -1.02668082e-03,  3.52994404e-01, -1.49800678e-01,
         1.12472976e-01, -7.12149831e-01,  8.96014388e-01,
        -5.65099648e-01,  2.65048786e-01],
       [ 9.99963646e-02, -5.80800486e-01, -5.89196943e-01,
         7.48672999e-02, -2.63580510e-01,  3.56344840e-01,
        -5.97389737e-01,  3.71270421e-01, -1.12357188e+00,
         1.28920443e+00, -2.95947189e-01,  9.93003496e-01,
        -1.30764091e-01,  5.13532925e-01,  8.84140187e-02,
         1.52931664e-02,  4.91260393e-01, -1.28027394e+00,
         3.72050927e-01, -2.05623524e-01],
       [ 7.98591736e-01, -1.81574140e-01, -6.08662728e-02,
         1.10368207e+00, -7.64109789e-01, -2.87674310e-01,
        -8.69172110e-01,  9.38396379e-01,  6.84937653e-01,
         2.35808377e-01,  2.56155119e-01, -3.40623941e-02,
        -4.48664210e-01,  1.01824984e+00, -3.46524323e-01,
         1.88563630e-01, -4.61354700e-01, -1.29089471e+00,
        -1.54186170e-01,  1.18214684e-01],
       [ 3.16054638e-01, -9.21171011e-01,  2.17841074e-01,
         4.36335372e-01,  3.23010308e-02, -4.54784658e-01,
         1.12093448e-01,  3.09630948e-01,  7.26967029e-01,
        -1.31403927e+00,  7.65242253e-01,  9.72930206e-01,
        -4.05324147e-01, -2.04401729e-01, -8.63098970e-01,
         1.15602124e+00,  1.08198005e+00, -6.45195493e-01,
        -2.49931379e-01, -7.97454111e-01],
       [-2.62250059e-01, -1.03458249e+00,  6.54175806e-02,
         6.41916685e-01,  3.02182203e-01,  6.74189061e-01,
        -4.34285208e-03,  3.83830050e-01, -7.83422910e-01,
         1.01297296e-01,  1.75069092e-01,  5.05204781e-01,
         4.22671954e-02, -8.84888018e-01, -1.17252202e-01,
        -9.04360020e-01, -9.24666129e-01,  4.60384951e-01,
        -8.50878345e-03, -5.05359020e-01],
       [-4.74197665e-01,  1.25158672e-01,  7.98048146e-01,
        -4.63196728e-01,  6.28944776e-01, -8.90642991e-01,
         6.63414522e-03, -2.14808147e-01,  9.04854605e-01,
        -5.96816704e-01,  3.43561725e-01, -7.13566587e-01,
        -1.32548130e+00,  4.55756472e-01, -8.54631087e-01,
        -3.89454872e-01, -8.04492037e-03, -1.01653211e+00,
         2.75013347e-01,  1.18939035e+00],
       [-2.24020255e-01,  1.64937173e-01, -3.73578258e-01,
        -9.29930986e-01,  3.33419254e-01,  6.24101695e-02,
         1.45038878e-01, -1.05768222e-01, -8.03440497e-02,
        -9.24883557e-02, -2.80110473e-01, -3.63723895e-01,
        -3.69505452e-02, -1.64499482e-01, -3.68137328e-01,
        -8.77907464e-01,  6.36597600e-01,  2.33667975e-01,
        -3.79849801e-01,  5.16518817e-01],
       [ 4.30260328e-01, -4.54992060e-01, -1.85871741e-01,
        -7.48943074e-01, -2.59590958e-01, -3.69765717e-01,
        -1.23418315e+00,  1.71239276e-01,  1.30537777e-01,
        -5.15847943e-01,  9.36777293e-02,  2.75172917e-01,
        -1.41477522e-02, -1.10150210e+00, -1.12617541e+00,
         4.12871132e-01,  9.31807399e-01, -4.53761935e-01,
         1.12305027e+00,  4.13358673e-01],
       [ 1.04445242e+00,  1.61469213e+00, -9.93844685e-01,
         8.97350671e-01, -3.35903831e-01, -1.21398398e-01,
         8.19885052e-01,  1.31698969e+00,  5.27472386e-01,
         4.57897879e-01,  1.34256054e+00,  4.18043289e-01,
        -4.23174026e-01, -1.05781459e+00, -7.43510422e-02,
         4.59138509e-01, -1.08474909e+00, -6.17338112e-01,
        -1.34488190e+00, -7.62076478e-01]]), array([[ 1.40458001e+00],
       [-1.10484708e-01],
       [-2.06365747e-02],
       [-3.10870569e-02],
       [-1.38396314e+00],
       [ 4.40922489e-01],
       [-6.86631924e-01],
       [ 5.58038108e-04],
       [ 3.05799692e-01],
       [-1.04068450e-01],
       [ 3.14639812e-01],
       [-4.75463339e-02],
       [-6.56059699e-01],
       [-3.16116851e-01],
       [-8.95576280e-01],
       [ 1.93255186e-01],
       [-2.34388248e-02],
       [-2.29397870e-01],
       [ 1.34029136e-01],
       [-2.58952488e-01]])], None, [array([[ 9.70546615e-01, -4.40137298e-01, -2.81530114e-01,
        -3.24609518e-01, -1.54753711e+00, -1.26181839e-01,
        -6.48527719e-02,  4.65869139e-03,  7.12966464e-02,
        -1.78916563e+00,  2.89292196e-01, -1.18141064e+00,
         9.07098956e-01, -4.01525526e-01,  5.86818178e-01,
        -1.94237047e+00,  1.04925506e+00,  4.78296779e-01,
        -1.72572384e+00,  1.35268021e-01],
       [ 1.41049256e-01, -1.07281223e-01,  1.75522054e-01,
         8.88381950e-03,  1.58610508e-02,  2.08702239e-02,
         2.28394388e-01,  8.27912773e-03, -4.61552390e-02,
        -4.59080523e-04, -1.21888365e-01,  1.83369907e-02,
        -4.64363874e-02, -2.45859792e-01, -6.00466130e-02,
        -8.84578552e-02,  7.06648274e-02, -1.48619638e-01,
         1.17634332e-01, -5.90015668e-01],
       [-2.04810228e-01,  2.40936404e-01, -3.52155246e-01,
         3.04054087e-01, -1.33009404e-01, -3.73727147e-01,
         4.60940975e-01, -6.75913732e-03,  8.03992967e-01,
        -1.79526819e-01,  8.73465028e-01, -6.11545412e-01,
        -8.56492016e-01,  6.81364180e-01, -5.07241620e-01,
        -4.46774717e-01, -2.67456200e-01,  4.66077656e-01,
        -6.42006244e-02, -9.15685470e-01],
       [-1.47479675e-02,  5.59892027e-03, -6.10862080e-03,
        -1.83048595e-03, -1.11456122e-02, -9.24404943e-04,
        -9.44862619e-03,  1.01944144e-02, -9.68844197e-03,
         1.31693889e-03, -2.01617342e-02,  3.09308434e-03,
        -2.82708933e-03, -1.23976400e-02, -5.93137459e-03,
        -1.77014670e-02,  3.60898592e-03,  1.53908247e-02,
         6.32326034e-04,  1.88500748e-03],
       [-9.46322784e-01,  7.87907792e-01, -6.14017548e-01,
         1.02212436e+00,  8.90160768e-01, -1.23325267e+00,
         4.96738688e-01, -9.15433257e-03,  1.37851881e+00,
         9.38848255e-01,  1.31701333e+00,  1.36561616e+00,
        -1.73646848e+00,  1.41924421e+00, -2.01925929e+00,
         5.76738183e-02, -1.76598221e+00,  4.17433990e-01,
         1.19003000e+00, -2.07001763e+00],
       [ 1.13356177e-01, -6.40954869e-02,  2.69024891e-01,
        -2.90553871e-02, -1.11641931e-01, -3.00493230e-01,
         5.68937690e-01,  9.82017493e-03, -4.07264010e-01,
         3.36610683e-01, -5.38388824e-01, -2.48094505e-01,
         2.40342067e-01, -5.67092376e-01,  8.02068221e-02,
         6.32865508e-02,  3.74935826e-02, -4.39006190e-01,
         3.13927659e-01, -1.11038391e+00],
       [ 5.16455726e-01, -2.04514078e-01,  8.65536607e-01,
        -1.09550834e+00,  3.75494925e-01, -2.63913262e-01,
        -1.29142911e+00, -6.97753284e-04, -1.77128813e-01,
        -3.18259465e-01,  2.46708753e-01, -8.53362271e-01,
        -1.00190009e-02,  3.97887267e-01,  1.07028531e+00,
        -2.37636827e-01,  2.62196229e-01,  1.11657595e+00,
        -9.45929872e-01, -4.42591964e-01],
       [ 5.37607624e-01, -3.15766615e-02, -2.91977133e-01,
        -1.56408803e-03, -1.49233541e-01,  3.67339116e-03,
         1.14283686e-01, -6.21810378e-03,  1.95721845e-01,
         1.00740045e-01, -8.36928745e-02, -1.52703237e-01,
        -5.77383395e-02, -2.19717152e-01,  7.61055305e-01,
         2.89008573e-01, -3.56760581e-01, -7.33389813e-02,
        -8.69048664e-02, -4.36547140e-01],
       [ 5.14961275e-01,  2.04265699e-01, -2.23619040e+00,
        -1.57667591e-01,  4.71255459e-01, -1.93005630e+00,
         8.22618635e-01, -2.42515726e-02,  7.54008612e-01,
         6.89362879e-01,  9.30483669e-01,  3.51844643e-01,
         8.57215154e-01,  8.86830516e-01, -1.58847745e-01,
         7.10343415e-01, -7.90101298e-01,  9.34142199e-01,
        -5.57248824e-01, -2.34997593e-01],
       [ 3.51320864e-01, -3.41186603e-02, -9.08437608e-02,
        -2.17157374e-01, -4.90073902e-02, -4.12075648e-01,
        -2.56999348e-01, -5.09530835e-03, -1.57624857e-01,
        -2.71107981e-01,  1.22869407e-02,  1.42715743e-01,
        -1.85202674e-01, -3.28911199e-01,  2.17261443e-01,
        -3.27681847e-01,  1.99107255e-01, -1.46611273e-02,
        -5.77326475e-01,  3.12824554e-01]]), array([[ 1.09147687],
       [ 0.00244355],
       [ 0.63005259],
       [-0.01598741],
       [-0.05393629],
       [ 0.06633807],
       [ 0.73871873],
       [-0.57084721],
       [-0.98879162],
       [ 0.18051376]])], None, [array([[-3.80166391, -0.75106292,  2.35110699,  0.00938104,  4.60026233,
        -1.65657281, -2.59179991,  1.2919652 ,  3.72495583,  1.14474799]]), array([[-0.71064579]])], None]